-4.93931e+200
1.43885e+201
-2.26135e+201
2.90001e+201
-3.31958e+201
3.51446e+201
-3.50706e+201
3.34212e+201
-3.07837e+201
2.77948e+201
-2.5058e+201
2.30799e+201
-2.22282e+201
2.27118e+201
-2.45768e+201
2.77148e+201
-3.18803e+201
3.67152e+201
-4.17813e+201
4.66007e+201
-5.07019e+201
5.36685e+201
-5.51827e+201
5.50587e+201
-5.32574e+201
4.98809e+201
-4.51454e+201
3.93399e+201
-3.2776e+201
2.57412e+201
-1.84627e+201
1.10899e+201
-3.69673e+200
-3.6967e+200
1.10898e+201
-1.84626e+201
2.57408e+201
-3.2775e+201
3.93375e+201
-4.51399e+201
4.98688e+201
-5.3232e+201
5.50071e+201
-5.50817e+201
5.34777e+201
-5.03542e+201
4.59887e+201
-4.07416e+201
3.50099e+201
-2.91803e+201
2.35888e+201
-1.84925e+201
1.40576e+201
-1.03609e+201
7.40278e+200
-5.12659e+200
3.44052e+200
-2.23714e+200
1.40912e+200
-8.59574e+199
5.07682e+199
-2.90239e+199
1.60564e+199
-8.59274e+198
4.44693e+198
-2.22471e+198
1.07544e+198
-5.02011e+197
2.25842e+197
-9.69436e+196
3.72593e+196
-6.49802e+195
-1.81481e+196
5.48466e+196
-1.27312e+197
2.76128e+197
-5.74567e+197
1.15205e+198
-2.22793e+198
4.15689e+198
-7.48433e+198
1.30048e+199
-2.1809e+199
3.52977e+199
-5.51301e+199
8.30769e+199
-1.2075e+200
1.69209e+200
-2.28461e+200
2.96954e+200
-3.71148e+200
4.45343e+200
-5.11869e+200
5.61762e+200
-5.85878e+200
5.76358e+200
-5.28154e+200
4.40327e+200
-3.16767e+200
1.66117e+200
